"id","rating"
38230,37.0270349546217
47413,37.0827119332479
35432,32.3438769384543
45147,37.0104096335257
58301,37.0035813248262
50154,37.0458135290349
57883,36.9316214562244
43451,32.0990793147187
49122,36.920321229248
21622,37.0646472406623
21825,36.9456205047438
56306,36.9313167505664
40282,36.9530843423872
58408,36.9308698489345
41712,36.9800058127675
48111,37.0973290989594
33073,37.0467827832234
57893,37.0270320526631
48302,36.9571006531565
36754,36.9194738573227
28195,32.2478888522446
49939,36.9760069137501
45720,37.0612200274987
46977,37.0503812119473
26219,41.8587790574992
22208,37.137251344084
58931,37.0908896527188
40714,37.020151508708
50059,36.9662418228986
31045,36.9459861515335
27885,37.1367783248243
32262,36.9749447968848
36359,37.1009942727322
21702,36.9047144956374
34979,37.0202327635501
39662,37.0767280945151
36256,36.9467029353196
47381,37.0539506210847
34351,32.3488654053707
54799,36.9681890371516
46752,36.9792745191881
26826,36.9022652425383
23831,37.2538491406139
24594,37.02615856311
46637,37.0943429835103
51309,37.0320031078276
58992,37.050845525331
42835,37.0737768025698
42205,36.9462067003908
36826,37.0270784840015
56050,32.3315029867779
53871,36.972756720064
48540,36.9585081031009
39685,37.0728626855956
24774,37.03867471076
23419,37.0807356994084
53019,37.0937683956979
28371,37.0503725060713
26750,36.9353620809221
36468,37.0404826309979
25756,37.0720298234636
35186,37.0592612054111
42307,36.9656353135411
56651,37.0504334472029
38940,36.8903091729073
43284,37.1757284138017
54872,37.0944242383525
29561,37.0646791622074
55475,36.9399965088834
26457,32.3248633053906
25291,36.9800609499818
43419,37.0455378429633
21785,36.9036117513511
31357,37.0942617286681
22929,36.9987002303798
29415,37.143670476614
46241,36.8909534077272
29452,36.9291431835388
27440,37.0076788904376
49965,37.2651116421279
40180,37.0999814891639
58522,36.88787733156
59981,37.1047494072231
37712,41.8240252007273
38011,32.2443136391899
54746,36.9052687697393
29886,37.0789422889638
22920,37.0476823904044
31358,36.9405130575228
54320,37.1729106119543
33055,36.8980196770358
56559,36.9601941410756
27006,36.9924436075341
45257,36.9057882203373
44528,36.960545278072
48887,36.9442914076829
28149,36.9744949932944
23476,36.9105793540656
27063,37.0166807661646
54206,37.0800914645885
21871,37.0215589586524
35701,36.9195347984543
22283,37.1620398748577
45295,37.0708487262937
49312,36.9079095521092
43909,37.0099482221006
49314,37.0788058969073
27959,36.960017121598
24438,37.0704453540416
34638,36.9894052568293
24946,37.102770271425
53962,37.0676536698219
39542,22.392508630871
59521,36.9691350756709
49472,36.9985377206955
52390,37.0801843272653
33505,37.0186424902109
48621,37.00151222831
25698,36.9182318190212
41285,36.9490361100729
51189,36.9435949376073
23635,36.8878657237254
57115,36.8981821867201
26365,36.9494975214979
57938,32.3781345602974
29686,37.0113933975074
35594,37.1659952444954
32214,37.1953949875612
50763,36.9242562851751
44848,36.9932793716248
28164,42.0868962229244
22530,37.1124715191862
41307,37.0766062122519
56823,37.1279215470297
27829,36.9978383486612
23704,37.0215183312313
51509,36.9090645316512
43491,37.0142895522384
41824,36.9088526886699
41855,36.9320451421871
27826,32.019675922184
32928,37.046678312712
56557,37.0444699221807
40264,37.0480741548219
56996,37.1310208388661
20774,37.0399980039037
34376,37.0747286450065
28831,36.995777958021
30790,32.1082872295097
44901,37.0503434864848
40400,36.9469234841769
59371,37.0065239108956
39758,37.0961567076655
28302,36.9958650167804
32513,36.986561337354
28276,37.0069359890236
47788,37.015984296089
38004,32.1449389672377
55777,37.0598386951821
22878,32.1793707065997
38544,36.9051352796414
39598,37.0446498436169
32829,37.1023668991728
27510,37.1026716048309
49017,36.9713550740369
48643,36.9922927056843
30670,36.9024422620158
28981,36.9095462567869
42884,37.0412632578743
30361,36.9357451394637
52219,32.0682982393362
28913,36.9719993088568
25301,37.024037231338
24251,37.0477172139081
52157,37.0068982635612
58296,32.0480657836403
20804,37.0766062122519
35957,37.1140530866495
24603,37.02540695582
48838,36.9898637662957
33054,37.0207609200241
21254,37.0504537609135
24777,37.2681151693289
36416,32.1650060112906
43405,37.0784837794974
34315,32.3084759449037
51203,37.032519656467
47724,36.9518045786233
52356,37.0873869886303
39711,37.0113005348307
59205,37.166633675398
29594,37.175156727948
34241,32.0744474897119
49884,37.0303489913981
59573,36.8959331687677
46073,37.068907315958
39594,37.0724477055089
24262,36.9516739904842
33996,37.0463416855088
40075,37.1221002179812
52286,37.0560545411047
32324,37.1665350088039
34228,37.0154996689948
50675,37.0787275440238
33233,36.9570977511978
47733,36.9372570599194
40634,37.2247599071233
47007,36.9829600066714
53757,36.9080778657108
58226,22.4230256280165
37106,36.9690160953664
46040,36.9134290774583
40512,36.9428839577385
29195,36.9922607841392
33634,37.1728583766986
53351,22.5005920807268
38889,36.9467261509888
20678,36.9538736751396
42935,36.9428230166069
22223,32.2213098129848
54507,36.9349383949594
24179,36.9669557047261
33181,36.989869570213
42380,37.0275950326409
25042,36.9372657657954
27649,36.9996085434367
48760,37.0500445847441
58789,37.0150382575697
43179,37.1519294509271
57655,37.0267041313358
41425,37.1369495403846
30769,36.9661402543459
26475,37.024887505222
58409,36.9112671182653
34367,37.0418755711491
59761,36.9980066622628
30544,37.0228764478787
27554,37.0652421421852
22502,37.0652421421852
32007,37.1491638843353
42455,37.1024771736015
53106,37.0040398342926
27637,37.1118272843663
25836,36.9430058400017
40247,37.038204593459
55151,36.9662011954775
29935,36.9866948274518
54481,36.9634037073406
44240,36.8996708915067
38368,37.0125948083878
29763,37.094435846187
41251,37.1544599588684
25737,37.0983621962382
22418,37.0649432404444
36695,37.143092986843
54665,36.9272307927896
25155,37.1282146448532
59565,36.8900015652906
28103,36.9673735867714
48915,36.9834388298484
29864,37.044896510102
41963,37.0456249017227
22397,36.9790539703308
37761,37.0760664479433
20650,37.0850305982079
39833,37.1877454245643
39287,36.9342100033387
24360,37.0269217782345
59766,32.02799293567
36255,36.9829309870849
48464,36.9991993672673
58747,37.0656339066027
30701,37.0030995996906
49374,37.0815801693751
54589,36.8965570898771
58719,36.9084086889967
28148,37.0474618415471
31970,36.9016297135943
47824,37.0221625660513
24665,37.0030560703109
41050,36.9959433696639
57544,36.972022524526
48174,36.9490361100729
41886,37.03214820576
35040,37.0443799614626
32960,37.0793833866783
42968,37.194950987888
25508,37.1437836530013
57318,37.0648155542639
39384,37.035836595202
34536,37.0213761352576
41274,37.1601419939017
46203,37.1488911002223
50489,37.0735823713404
57429,36.9576897507621
55319,37.1778555494909
21303,37.0936320036415
53087,37.0637186138948
22501,36.8863915287321
20418,37.0236077414581
42976,37.1636417560316
35049,36.9363545507798
32642,36.9249266376228
44049,37.0387559656022
54547,36.9311803585099
26572,36.9526461466313
39125,37.0502796433946
46740,37.0735736654645
50911,37.2551898455094
33518,37.0141676699752
52794,37.0900596925454
54899,36.9343841208576
47976,36.9513199515291
22297,37.0504798785413
24773,37.0794124062648
24982,37.0997609403067
53628,37.1611257578835
37123,36.9428636440279
40510,36.9574401823183
59804,36.9917152159133
23748,37.0266751117494
56549,36.9096942566779
23595,37.079749033468
52995,37.0363821634279
39345,32.1942577544654
51517,37.1693905361139
36906,37.0409005130433
57167,37.0822592276988
29952,37.0038918344016
32136,37.0213326058778
21835,37.0144056305844
33581,32.1489059447099
54987,37.0498762711425
21560,37.1122393624943
27685,36.9484441105086
42456,37.0589245782079
48507,37.0848448728544
36125,37.1415288311316
57223,37.0334540871518
44939,37.1083072085259
36282,37.0732138225921
31259,37.0880138116984
56931,37.0878338902622
59692,36.9463053669848
32956,36.9255621665668
39349,36.9709052704464
37107,37.0376822409023
51599,36.9895329430098
31866,37.0057868133989
22315,36.9589201812289
45453,36.9376081969159
49526,37.0506220745151
21205,37.1400314204691
25003,36.8983795199082
54440,36.9830963987279
31718,37.1314271130769
30199,37.0152559044683
47156,37.0372817706089
34467,37.0611155569873
25350,36.9638186874273
44662,37.1183944167874
31642,37.0715916277077
31254,37.0361151832323
49995,37.082694521496
53545,37.0794733473964
41364,37.0271365231744
20357,36.9402199596993
48370,37.0620761052999
56220,37.0935246311715
47047,37.0106766137213
29180,37.2101514472878
43820,32.0697724343295
54693,37.0272903269828
59352,37.0595601071518
39575,37.071167941745
49761,37.0082563802086
59288,36.9083999831208
54370,37.1174222606402
34055,36.9231506389301
22821,37.0133957489748
37799,36.9516449708977
22486,36.8787477696525
31544,37.2242781819877
44591,37.2629990162319
37242,37.0584602648241
36478,37.0615102233635
43567,36.9576230057132
22218,37.0213442137124
38550,37.0238602118605
46805,37.1312878190618
27000,36.9141922925828
58535,37.0444699221807
27519,36.9798026756621
41809,36.971807779586
31771,37.0608282630811
23232,37.1342071894619
41144,37.0261266415648
29724,37.0501635650486
41697,37.0103399865181
31060,36.91284578377
30993,36.9504754815624
53277,36.9965498790214
49769,36.9718774265936
27371,37.0411558854043
46096,36.986561337354
35475,36.9342535327184
38247,37.13871973516
30043,36.9749215812157
41085,37.0321540096773
23532,36.960075160771
30317,37.0441565106467
57116,37.038732749933
27652,37.0295915801909
25363,37.0651376716739
55877,37.1453594165473
32028,37.1590914848711
56472,37.0512779171696
39026,37.0045766966426
43691,37.1733023763718
28217,37.0256884458089
54073,36.8692583648726
27736,36.9343986306509
48756,37.0857038526143
43599,36.9634472367203
25002,37.03500373307
46536,37.0387733773541
55894,37.0506278784324
21892,36.9476199542525
35253,36.9571615942881
38070,37.0120434362446
42181,37.0156389630099
40732,32.2370123112308
35413,37.1515492943442
24753,36.9400429402218
40516,37.1519207450511
35941,36.8918210933631
51075,32.2968506985586
50635,37.2192955189886
22155,36.945858465353
56726,41.9287946138067
39170,36.9516594806909
24540,36.911516686709
30997,37.0272729152309
28933,37.0695167272741
43597,37.0465622343661
43240,37.0704569618762
42282,37.0620006543751
40860,36.9913437652064
30306,36.8686982868535
48787,37.1026483891617
22294,37.0556453649353
40816,37.1081940321386
57298,37.1702669276256
52734,41.8465385959207
21273,37.0060160681321
25637,37.0347773802954
37908,37.0559094431723
33537,36.9749564047194
59117,37.1901076189041
45354,36.9574169666491
54159,37.2735389300425
51501,37.0418726691905
54991,36.9515375984277
28622,36.9981140347328
28542,36.9499037957087
34077,36.9547500666513
55521,37.0379666328499
30525,36.8934200725783
28759,37.0327285974897
25573,36.9854614950263
49094,36.9923217252708
36858,37.1486241200267
29871,37.1391869505024
25407,37.0125948083878
50880,36.9460993279208
47913,36.9693120951485
24767,36.9345176109554
22318,37.1026309774098
42474,36.9495004234566
46303,37.0498124280522
27497,37.1217316692329
21815,37.0040282264581
35802,37.1605308563606
34722,37.1532788616985
34771,37.0268027979299
33543,37.0908490252978
53788,36.9545266158354
25671,37.0793195435881
53190,37.0706136676432
23305,37.0353983994461
33247,36.992246274346
36640,36.948803953381
28465,37.0144926893438
34799,37.0487851346907
36501,37.0513098387147
57251,36.9996085434367
20387,36.9168301729941
37454,37.0213035862914
48573,37.0527811317494
51662,36.9154401348015
26473,36.9867702783766
21864,36.9286237329407
34590,32.1385923836738
44534,37.0158188844461
31952,36.9276457728763
49999,37.0275398954265
29120,37.0232072711646
43176,36.8821546691056
50791,37.1839757802802
48647,36.9585313187701
49273,37.0395714159824
39628,37.0299746387325
39361,36.9036523787722
50703,36.9921940390903
24552,41.8223710842977
57203,36.9328257690635
36743,37.07880009299
38189,36.9299354182498
50052,37.0535298370807
36182,37.0160713548485
35839,36.899421323063
35270,37.020572292712
47158,36.9022855562488
32196,36.9546862235611
50543,37.0214777038103
33809,37.042206394435
28612,37.0036277561646
54942,32.1497388068419
42964,37.1409339296087
22442,36.9403186262934
34561,36.9816570272383
38926,36.9708153097283
51830,37.1080895616273
47544,37.0168548836835
38425,37.0765858985414
52335,37.1024800755601
57683,36.9805716947039
32805,36.9330172983343
59685,37.0444612163048
36393,37.0632630063871
59468,37.0504334472029
47511,32.1175241638872
47743,36.9445554859199
48257,36.9861492592259
30960,37.0465680382834
29361,36.9608790033165
23708,37.1982940442509
27466,37.0104357511535
29176,37.1194072003556
55266,37.1081621105935
46788,37.0881414978789
37167,36.9875828267982
33862,37.0552477966005
31126,37.0705585304289
24066,32.1573274287072
26434,32.1674987937695
38499,36.9550779879786
20931,37.0505437216316
49093,37.0947898851421
31654,36.9643265301907
51520,36.992353646816
40041,37.0951642378078
27574,36.9079414736543
28256,36.8813914539811
30168,37.0346061647351
54128,37.0997232148442
41995,37.0896969477144
27047,37.0563070115071
29818,36.9345727481698
49148,36.9488097572983
44703,36.9091399825761
33855,37.0523313281589
47403,37.1750667672299
24368,36.9027556735498
41392,36.9806442436701
57278,37.0835767169251
21354,37.0296089919428
46708,36.9656585292103
28266,36.9720022108155
57465,37.0032040702019
24551,37.1292071147109
35913,36.9727857396505
48344,37.0126557495194
54080,37.0723490389149
26183,22.411049244675
20629,32.0974948452967
46334,36.9911174124318
38608,36.9963496438747
39396,36.9167808396971
41792,37.1090907373609
40847,37.1021898796953
37622,37.1062468178856
27199,32.0840994041762
31435,37.1972029077991
42542,37.148357139831
45024,37.0617597918072
22381,37.0069301851063
56663,32.2183556190809
48416,37.0617801055178
22157,37.0445685887747
39775,37.0384135344817
28500,36.9434933690546
41406,37.1096885408425
35559,37.0943400815516
36090,37.1065950529234
47800,36.9540390867825
34116,36.9284757330497
21077,32.0981013546542
48850,36.9430522713401
59546,37.0219623309045
22348,36.9486646593659
32919,36.9343696110644
51581,37.073016489404
21041,37.0939192975477
42751,37.0306653048908
51002,36.8982315200171
34850,37.0757153109469
54316,37.0074264200352
34094,37.0270755820428
23660,37.0239037412402
35654,37.0187614705155
35711,41.8164017553582
27439,37.116087359662
59081,36.9546484980987
51163,37.0483962722318
46925,37.0241591136013
36330,37.0223918207845
36392,37.006982420362
40662,37.0965629818762
45159,36.9454463872249
45848,36.9487865416291
23388,37.0911479270385
43749,37.0501954865938
43618,36.9349296890835
29208,36.9599852000529
43953,36.9773098931832
38501,37.0380769072785
52385,37.0080271254754
51064,37.0371424765938
35516,36.9787231470449
51714,37.0502332120562
47162,37.1369089129635
28731,37.1876235423011
48663,37.0165966093638
54239,37.0193476661624
22968,37.0347222430811
30839,37.1082665811048
53286,37.1374776968586
24983,36.9081271990078
29629,36.9746836206065
50331,37.0272177780166
49855,37.2706166576837
22136,37.1491783941285
51833,36.9110581772426
21289,36.8906458001105
58478,36.8960347373204
53706,36.9269347930074
34615,37.0677900618784
36173,37.253715650516
53311,36.9483802674183
44015,36.9075700229474
42586,37.0503986236992
55789,36.9951134094905
36002,32.1700147919176
23006,37.115559203188
51948,36.8905268198059
36055,37.0532077196707
47259,37.1460616905402
42593,37.0503579962781
29432,37.0043474419094
31999,32.2208803231049
42318,37.0104357511535
57175,37.0355434973785
43117,32.1088937388672
42720,37.0892036147442
38223,32.1790805107349
29904,37.0610546158557
56463,37.0325080486324
34618,37.0180098632255
55407,37.126714332232
27596,36.9766714622806
59641,36.9632005702352
31916,37.107497562063
39980,36.9953803896861
43703,36.9418218408732
49433,36.9506002657843
27960,37.0233262514692
47658,37.0507294469851
26469,37.0438256873608
49818,36.9962277616114
46339,37.0852917744863
21837,36.9579886525028
58562,36.9634559425962
32672,37.0389649066249
33830,36.9958476050285
22954,37.0842499713315
37790,36.9503768149684
20878,36.946006465244
20676,32.2490728513731
22431,32.1157568710704
55845,37.0285381692016
54226,36.9744224443281
27500,41.8801810025304
26489,36.8646413486631
50383,36.9487604240013
28133,37.1017923113605
42728,37.0197017051175
31293,37.0892326343307
52096,36.9778525594504
49487,37.1145493215784
58359,37.1200717488861
40314,37.1779368043331
42084,37.042734550909
56385,37.1022043894885
40582,36.9371758050773
51567,37.067703003119
36445,36.9569265356376
29866,32.2027343756771
37663,36.9730469159289
40016,36.9921127842481
25550,37.0751000957135
47308,32.1237053358081
21786,37.0363995751798
58215,37.0339648318739
48973,36.9172306432875
35280,37.0671603368517
46945,36.993615998828
48451,36.9342999640568
50950,36.9625389236634
54417,36.9634211190925
25542,37.0737971162804
23953,37.2293624135395
22754,36.9342390229252
40621,36.9783749120071
52474,37.2110510544688
54178,37.1833083297911
22048,36.9561778303063
29313,32.1905925806926
25357,37.081969031834
23035,37.0745893509914
38413,36.9789756174473
21448,36.8941658759509
48197,37.073965429882
26218,37.0729932737348
56901,36.9263079699394
59803,37.0463358815916
25060,36.951758147285
58487,37.0425227079277
53905,37.0346496941149
45968,37.0553203455667
33412,37.059592028697
55770,37.0329462443883
45283,37.1724056711494
39000,36.9139891554774
43787,37.0631092025787
55360,37.076127389075
25348,37.1056199948176
25577,37.1025148990639
22371,36.9748084048284
29241,37.004193638101
34504,37.0793050337948
20575,37.0241736233945
56961,37.0451663922563
40064,37.2187238331349
50189,36.9794863621694
54278,37.0435645110824
59542,36.8987016373182
30574,36.9411659982187
27962,37.0011175619338
32756,37.0042690890259
24744,37.0222960561491
58549,36.9372309422916
57950,37.0360368303487
35879,37.0664087295618
56404,37.0593656759224
43834,32.1502756691919
26908,36.9281652234743
58751,37.0740263710136
41071,37.0008099543171
41656,37.0050148923985
54672,37.1082868948154
36594,37.0096841438636
27690,37.1378085201445
22921,36.9985870539925
43211,36.9628900606598
50112,36.9759459726185
44209,36.9197234257664
48027,37.0554509337058
37716,37.1497703936927
22876,37.2670965818433
24814,36.9830354575963
26730,36.9240299324005
33557,37.0619310073675
35783,36.934108434786
43563,37.0417769045551
56844,37.1649331276301
22714,36.9471643467447
43694,37.0525460730989
47066,37.0618613603599
42726,36.9895387469271
46042,36.9490825414112
32046,37.0546703068295
44421,36.9395525092102
44481,37.0061553621473
52339,37.0001105822829
20368,36.937689451758
58780,37.0415012184835
22292,36.9690712325807
24180,37.0275544052198
20469,37.1689639481926
28096,36.9939845475763
51988,36.9551621447794
30872,37.0807850327055
49905,36.9357277277118
56083,36.8994764602773
35595,37.1049757599977
59045,37.1731253568942
31540,36.9960507421339
31311,37.2212833606627
27720,36.9095752763733
21989,37.0444350986769
33258,37.1717295147844
20134,36.8992239898749
58919,37.2212079097378
21911,36.9720080147328
33598,37.0909505938504
28447,37.0299049917249
35017,37.0595978326143
30332,36.9778090300707
42701,36.940280900831
25985,37.1433338494108
22816,37.1374486772721
50088,36.9950379585656
37474,37.0409672580922
44238,37.0743455864649
47896,37.0888031444507
46771,37.0494409773452
44854,36.9783255787101
35955,37.0068170087191
51579,37.0117445345039
41099,37.0056504213425
39020,36.9548748508732
25930,41.8442315387953
50516,37.0361877321985
37745,36.9631715506487
44829,37.1963033006182
39208,36.9575852802507
32964,36.9168998200016
53654,37.1094621880679
22680,37.0666815136748
30580,37.0849754609936
49582,37.0592757152043
34206,36.9058259457997
36933,37.099758038348
41302,37.1084203849132
27842,36.9926728622673
28375,36.8818731791167
22029,36.9556844973361
52169,32.1634650712484
39494,36.9111249222915
38310,36.9668048028764
43165,37.2550012181972
31535,37.0228677420028
41061,36.9087801397037
34480,37.0783444854822
47329,32.3565178703262
52459,36.9805774986212
46128,36.9864220433388
27592,36.9343638071471
23471,36.9706295843748
59048,37.0229257811758
35267,36.9528608915713
55247,37.0344523609268
56895,36.9807429102641
53642,37.0342840473252
43765,37.0709938242261
52419,36.8731963227583
41668,37.1378259318964
40396,32.1285109793297
22870,36.9554726543548
32669,36.9533977539212
22681,36.8733646363599
57068,36.9094098647304
23345,37.0144114345017
33575,36.9138875869247
27237,36.9179677407842
38419,37.1261745679235
45588,37.0387588675609
50752,37.0243941722518
50338,37.0077166159
28083,36.9848491817515
20952,36.9469873272672
43001,36.9691321737123
21562,37.0058303427786
54747,37.0705759421808
33424,37.0069040674785
46408,32.0907129679356
58148,37.2564231779349
29527,37.1669006555936
49398,37.1210119834881
49451,37.1681630076056
41040,37.0562315605822
43816,36.951807480582
45773,37.2123888574057
48167,41.7861227188219
44786,36.9693266049417
57619,36.9996288571472
52583,37.0256362105533
58458,41.8549484720835
58723,36.9330869453418
52975,36.9025032031474
34541,36.980818361189
35137,37.0015093263513
43507,36.9414619980008
31202,37.1833141337084
59868,36.9339633368536
23678,32.2993202653683
42344,32.1175212619286
40849,36.9531801070226
33530,36.9556409679564
50648,36.8935767783453
23744,37.170684809671
42373,37.0138745721517
45411,36.9873361603131
58563,36.9357567472983
45370,36.9656614311689
22059,37.0281260910735
56339,37.2545717283173
46032,36.937689451758
44119,36.9629219822049
39457,37.0700448837481
47399,36.9547558705686
42900,37.1026832126655
40738,36.9430319576295
46916,37.0158391981566
41058,36.992510352583
54353,36.8879614883608
59871,37.0387849851887
23814,41.8063464686418
25796,36.9429913302085
25038,37.0019678358178
49218,37.0617510859313
25760,36.9614477872116
27382,22.5665129733815
58424,36.991033255631
30786,37.0898246338949
50294,37.0312456966204
45489,36.9365083545882
46979,36.9430319576295
30151,32.3785408345081
57691,37.0444815300153
36235,36.9639405696905
28120,36.9977454859845
31205,37.0561648155333
22551,36.9364532173739
26417,37.0412400422051
23588,36.9747735813246
39845,37.0151166104532
42519,37.0907880841661
30498,37.062801594962
32318,37.1604466995598
49403,37.1141372434503
43796,37.1963033006182
56272,37.0633471631879
50058,36.9608935131098
22865,36.9644687261645
49154,36.8872708222025
41571,36.9064005336121
20504,37.0507120352332
49423,36.90567504395
55382,36.9422107033321
36596,36.9536386164891
27014,37.0016921497462
36065,37.1195174747843
45761,36.9348629440346
45523,37.0093968499574
52232,36.9720834656576
57644,36.9560936735055
47888,37.2548764339754
46255,36.928745615204
23828,36.916574800633
51159,37.035885928499
27133,37.1783024511228
36815,36.9257275782097
39639,22.4837375048975
49697,36.9103268836632
21607,37.0975670595686
58419,36.9082055518913
57537,37.0218462525586
29780,37.0014832087235
20949,36.9975742704242
21375,37.0503608982367
24344,32.1124051088316
47991,36.854757277507
57778,37.0590203428433
32900,37.2071595279214
55226,36.930898868521
22329,37.169793908366
40022,36.9835723199462
22732,36.9447644269426
22456,36.9116762944347
31044,36.9665581363913
35645,36.9923072154776
21764,37.0690843354355
53557,36.9170913492724
47555,36.9333336118269
49350,36.9927773327786
24813,37.1380087552912
42406,36.9956531737991
56818,36.9110001380697
27102,36.9428288205242
55884,37.1686186151134
54170,36.9733719352975
27888,37.1319146421298
56176,37.0487270955177
30941,37.0999524695775
59154,36.966807704835
49572,37.0584515589482
38136,37.0112947309134
38385,36.894099130902
37985,37.1126804602089
38659,37.0188659410268
55318,36.9365315702574
53199,37.108504541714
39315,37.0446991769139
41264,37.1663492834505
31645,37.0321220881322
46333,36.9852206324585
24534,37.0342956551598
44192,37.0273744837836
53191,36.9682877037456
46272,37.0076469688925
26810,37.0420758062959
22785,36.9403592537145
44632,37.0991631368251
50044,37.023146330033
50856,32.3613061020959
42242,36.9635284915624
50070,36.9564390065847
22549,37.0612461451265
56357,36.9742802483544
27061,36.9309743194459
49969,37.0565739917027
47648,36.9405681947371
25859,37.0242809958645
30594,37.0670964937615
57762,37.1963091045355
49566,37.1434789473432
55907,37.1116299511782
22475,36.9335454548083
53533,32.1951544596878
57383,32.0224356848585
52927,37.0353809876942
43678,36.9460557985411
54207,36.890831525464
35015,37.1266475871831
26887,36.9703509963446
24207,36.9285047526362
40794,36.9776145988413
44749,37.0137004546328
40281,36.9892137275585
21404,36.8616726449659
55932,37.071597431625
22607,37.0017356791259
54841,36.9518248923339
23370,37.1292941734704
21085,36.9488126592569
21662,36.9559456736145
21220,37.045836744704
49516,37.0215415469005
27077,36.9483773654597
50366,37.1698200259938
58717,37.0144404540881
27821,36.9940164691214
42553,37.0948972576121
32422,36.9601680234477
47135,37.0361296930255
26755,32.2631299390654
54998,36.8903846238322
35469,37.1777046476412
33115,36.9123147253373
56918,37.0285642868294
31308,37.0209727630054
31912,37.1165719867562
25110,36.9052890834498
44254,36.9522108528341
35349,32.2553381800948
34444,37.0961799233347
33954,37.0435790208757
29859,36.9687810367159
35019,37.030052991616
21125,37.0560487371874
54990,37.0477752530811
38682,36.9749564047194
36799,36.8932662687699
40834,36.9728466807821
38032,36.8933359157775
49230,37.0129517493016
23168,37.0562112468717
51850,37.1020708993907
49580,36.8993806956419
29397,37.1142533217963
47423,37.2050875294465
24853,36.955701909088
24331,36.8906603099038
27076,36.9577419860177
46127,36.9535167342258
40912,36.9142358219625
32400,36.9534354793837
48904,36.9694658989569
58862,37.044797843508
29491,37.104023917561
21726,36.955957281449
26386,37.0620964190104
23629,37.0446179220718
31595,37.033213224584
59107,32.0692674935247
30016,37.0278300912914
36824,36.9099031977006
54307,36.9682877037456
34592,36.9593844946127
55920,36.9723533478119
25095,36.9637983737167
39329,37.0192722152375
50583,37.0097160654087
38467,36.9748316204976
36309,36.966436254128
59923,36.8595658229873
55882,37.0560255215182
41298,36.91052711881
48602,32.1087863663972
55099,36.9615667675162
39822,37.0372266333946
52967,37.1253068822876
29788,36.9090935512377
30356,37.1230288447487
34261,37.0819138946197
28031,37.1308089958848
36206,36.9342825523049
59875,37.0185351177409
38407,36.9544627727452
56768,37.11250634269
21753,37.0646936720007
42135,37.0410398070584
35396,37.0350936937881
25091,37.0940527876455
43023,37.049162389315
59669,37.0925524750243
46084,36.9633108446638
31522,36.9856675340903
59910,37.0201137832456
26910,37.0793224455467
54478,32.2986092854995
51821,37.0349776154421
46433,36.9255418528563
36517,36.9512357947283
33231,37.0313791867182
52366,32.1346921512505
20871,36.9367434132387
46440,36.9634588445549
22288,37.1628205017341
48701,36.9759691882877
55295,37.1579829366674
33703,37.006610969655
32497,36.9429710164979
22605,36.9032490065201
45509,36.9725303672895
34443,37.1759605704936
42521,36.9884069830543
47215,37.0909476918918
29626,37.0156476688858
20521,32.3735262499639
32167,36.896574501629
45990,37.1641699125056
23516,36.8791946712843
53919,37.0439011382856
33906,37.0271858564714
59982,36.9573676333521
49794,37.0010276012157
21609,36.9515753238901
27530,36.9488910121404
35806,37.1940920081282
45052,37.0075395964225
35610,37.1488098453802
47263,36.9568830062578
42253,37.070903863508
29701,36.9748403263735
53684,22.5493943193152
46520,37.000554581956
49766,36.9920866666203
23544,37.0227081342771
48607,37.0937538859047
43609,36.9379361182431
33438,37.0251835050041
23300,37.0741975865738
28004,37.2750421446224
43753,36.947112111489
46325,36.9483454439146
53043,37.1546456842219
27558,37.0238776236124
29040,36.9908417263602
24859,36.9806964789258
45423,37.0306653048908
34692,37.0224962912958
28493,37.0480712528632
50051,37.0217620957578
41774,37.0365359672363
43280,37.0391012986814
56840,37.0796184453288
57786,37.0272467976031
39241,37.0793195435881
48445,37.0007751308133
49840,36.9889989826185
54015,37.0367245945484
43807,37.0662346120429
26466,32.3568806151573
37903,36.9423528993058
49685,36.9614245715424
24548,37.0433033348041
41354,36.9156374679896
48755,37.0895199282368
21520,37.0794994650243
35273,37.1199672783747
55653,36.9836448689124
51371,37.0967254915605
45107,36.9979515250485
44675,32.0796971329067
25172,37.1678408901957
50780,36.9529972836278
32540,32.1520632757192
43564,36.9264733815824
22327,32.1147179698743
57760,36.940066155891
51515,36.9232115800617
37062,37.0010595227608
53215,37.0258683672451
35623,37.0195769208956
59329,37.044417686925
50514,37.136047031245
32799,36.9580960249728
42523,37.1697068496065
29372,36.9469466998461
20531,37.0349485958556
20528,36.8907938000016
43784,36.9549851253019
27121,37.0219275074007
51868,37.027989699017
33692,36.9748171107043
32024,36.9719122500974
44213,36.9403679595904
51433,36.9866658078653
44365,37.0912117701288
25813,37.0935159252955
47461,36.9689783699039
53560,37.091020240858
22909,36.9041718293702
43027,36.9548632430386
40757,37.0561474037814
49793,37.0348992625586
45857,37.084444402561
54795,36.991033255631
25801,37.064592103448
29555,37.0960522371541
34154,37.1221727669475
31513,36.9500634034344
43389,37.051629054166
47562,37.260308900565
36924,37.007461243539
38718,36.9953310563891
56984,36.8921170931452
51297,37.0649490443617
55658,37.0721865292306
50835,37.0878367922208
26110,36.9523211272627
38277,36.948638541738
21134,37.1202574742396
58506,36.9237513443703
35969,36.924842480822
58958,36.9032373986855
35911,36.9574169666491
20119,36.9808647925274
49414,22.4740652767227
36770,37.0262514257867
51779,37.154784978237
25432,37.0735649595885
50141,37.0909041625121
20001,36.9574169666491
51932,37.0017327771672
28942,37.0156737865137
28319,37.1606092092441
28624,36.9633485701263
54499,37.0411384736525
59140,36.9550257527229
40811,36.9226631098771
23257,37.0418175319762
54188,37.0907387508691
45954,37.0857589898286
51270,37.0330274992305
32986,37.0502535257667
37093,36.9261077347927
54296,37.0668150037726
29375,37.0826974234547
38363,37.0355638110891
28618,37.0017879143816
55760,37.0385092991171
27265,37.1086699533569
52091,37.1812160176057
58115,37.0141560621406
54645,37.1302924472454
39166,37.1678728117408
44086,37.0001802292904
50602,36.9574372803597
51601,32.1105101298343
34619,37.0445453731055
58534,36.9829019674985
20655,37.0793804847197
31518,36.9628610410733
21072,36.9778177359467
27344,36.9813871450841
43919,32.0861597948164
42259,37.0524619162981
40275,36.9480291304219
38860,36.9981923876163
59005,37.0509964271807
53160,37.064484730978
57483,36.9367027858176
21757,37.0509761134702
55348,37.0584921863693
35785,37.1654351664762
37522,36.8443102263732
38924,36.9153820956286
55847,36.9212904834365
52115,37.0244609173007
44200,37.0421686689726
27772,37.1955139678658
29164,37.058593754922
40577,36.9941151357155
41655,37.2587186272257
36406,36.9604901408577
36218,37.0756079384769
28754,36.8744064395146
49354,37.0524677202154
42945,36.9647705298639
46990,37.1991704357627
23226,36.9421932915802
43052,37.0420380808334
42461,37.0906603979856
28717,37.1236788834859
54852,36.9863494943726
31623,36.9173148000883
57825,32.1324257215462
26364,37.0851437745952
48559,37.0042197557288
32861,37.0519772892038
59896,37.2619223895734
58397,36.9115428043369
50948,37.0731470775432
38867,37.0528217591705
39312,36.9960652519271
45378,36.958589357943
46410,36.953284577534
21433,37.0422499238148
59796,37.0549866203221
36177,37.018938489993
46734,32.0588494619773
40850,36.955693203212
26989,36.9845502800107
33817,36.9876553757644
53460,37.0640175156356
44030,37.004301010571
34275,36.9436036434833
58703,36.9913350593304
48296,36.980769027892
22912,37.0289589532056
29573,37.1494947076212
58993,37.033790714355
28342,36.9809489493282
20347,37.0868704399909
41954,36.9622835513023
51234,36.9504319521827
32056,36.9998987393015
54604,36.988508551607
58034,37.0114978680188
49074,36.9923855683611
39127,37.188581188655
46449,37.0505843490527
51459,36.8996795973827
51748,37.0253053872674
45279,37.0519947009557
26018,36.9222742474183
52787,36.992658352474
41858,37.0007954445239
31627,37.2457062446467
59177,32.0933363385537
41230,37.0559384627588
27137,37.0153719828142
28123,37.1469438859693
56485,37.0329868718094
52981,37.0001715234145
41957,37.0867166361826
56037,37.0480509391527
59788,37.1113745788171
49270,36.9547297529408
26115,37.0815511497886
49565,32.118664633636
52204,36.9480494441324
58520,37.0401227881256
43573,37.0612403412092
37791,36.8908112117535
42286,36.9893152961112
21936,37.0196175483167
42872,36.8995838327473
46346,36.9996230532299
40384,32.091072810808
55278,32.3685290771715
42875,36.9490332081142
37851,36.9572602608821
23421,37.0627986930033
50899,36.9556903012534
33419,36.9195928376272
58614,36.911095902705
48218,37.1085945024321
56568,36.9054283774649
31662,37.0012249344038
55053,37.0376938487369
39705,37.0566059132479
56512,36.9274919690679
44275,36.9633630799195
31325,37.0246089171918
31470,36.9690741345393
57393,36.9150251547148
53061,36.9681135862267
30116,37.0619542230367
52747,37.0667598665583
29803,36.9976003880521
35405,37.0719543725387
44426,37.1187484557425
43770,36.9096623351328
31074,37.1023349776277
24398,36.987130121249
50249,37.0112453976164
45665,36.9248221671115
28833,36.9573531235589
24944,37.0599779891972
45978,37.0464113325164
20126,37.0444292947596
37516,37.1347817772743
28049,36.9459948574094
34912,37.0125861025119
56408,37.0164805310179
28551,36.9864771805532
55946,36.9809982826252
49020,37.210067290487
53898,36.9807080867604
51222,36.8981270495058
42988,37.1117924608625
47264,36.9602115528274
50659,36.9838654177697
29731,36.9897680016603
37912,37.0213993509267
51367,36.9869995331099
31656,37.0881298900443
31766,37.1025178010226
51482,36.9390243527362
40569,37.0147248460357
28207,37.0484339976943
42898,37.1347005224321
41246,37.034516204017
39417,36.9489867767758
28310,37.0289502473296
57627,37.0243187213269
55353,36.9372715697127
58309,36.9043691625583
24433,32.1727020056259
51563,36.9937552928431
40225,36.9311368291302
26747,36.9351270222716
42675,36.9968023494238
27687,32.3270513822114
28369,36.9018241448237
48890,37.0308626380788
56949,37.0198584108845
27545,37.1782879413295
45614,37.0641597116094
56446,36.9461689749283
57343,36.9761113842615
39523,37.0298614623452
50786,36.9363951782009
50308,36.8990150488522
46336,41.9278369674527
50002,37.2016109829859
48800,37.053370229355
48624,37.1616916398199
54490,37.1246162161293
38364,37.0651724951776
28733,36.9753220515091
37367,36.9815322430165
46744,37.0099888495217
30385,36.9910854908867
45622,36.9712157800218
22307,37.0591364211892
43583,22.4825941331901
24477,36.9745675422606
26931,36.8907996039189
48108,36.9991413280943
20985,36.9796865973162
52448,37.064905514982
38576,36.998508701109
47187,37.0096115948974
29431,37.0291678942282
30003,37.0304766775786
25838,37.0967516091884
47993,37.0065674402753
54123,36.9315314955063
50370,37.1897506779903
51310,36.8556801003572
38468,37.0718237843995
25872,37.0174642949997
22230,37.2046348238974
55788,37.0018140320094
56496,32.0743981564149
26343,36.9923855683611
23887,37.0389562007489
51225,37.0112686132856
55392,37.0530510139037
34373,36.9724549163646
34644,32.1803921960439
44593,36.9967298004576
37396,37.0263529943394
43212,36.9858242398573
48637,37.0348296155511
44372,37.0649113188993
34134,37.0215415469005
49732,36.9606787681698
45799,36.9415142332565
34901,32.3442193695748
35188,37.0215995860735
55395,37.068379159484
48048,41.7210927274722
44399,37.0364576143528
28428,36.9806790671739
22650,32.3784653835833
33347,37.0317158139214
30395,37.0701290405489
55471,37.0374442802932
22485,37.0445714907334
31008,37.1004893319274
32840,37.0243999761691
52300,36.9400951754775
38443,37.0937422780701
21981,37.0090979482166
27766,36.9532555579475
58792,36.9779425201685
41146,37.0115878287369
31828,32.2248705162463
58040,37.0183290786769
38280,36.9487836396705
22536,36.9482235616513
33238,32.0617804402121
48822,37.035993300969
46337,37.0880718508713
21323,37.0522877987792
32696,36.9660967249662
38567,36.9595615140902
30489,37.0175571576764
27143,37.1479218460338
25071,37.2146204636062
45543,37.161204110767
48459,36.9006053221915
53969,32.1135978138361
25959,37.0825204039771
23947,37.1228953546509
55501,37.0211381746484
39596,36.9541986945082
23030,36.9633282564157
46530,37.0505466235902
47900,36.9749738164713
36136,37.085393343039
57333,37.0503434864848
29658,36.9340416897371
26002,36.9206665623271
46285,37.0381813777898
37517,37.044054942094
27262,36.8634109181963
56708,22.3928162384878
20217,36.9155533111888
20617,36.9575011234499
20569,36.9132897834432
42531,37.0073364593171
38316,37.0735156262915
24646,36.9254809117246
21522,36.8816932576805
41303,37.07944432781
26648,37.189959619013
37594,36.9693614284455
49308,37.079386288637
59568,36.99655278098
51756,36.9632992368292
35058,37.0067705773807
46761,36.9536183027785
32116,37.1668164987928
24613,32.3068537500193
31972,36.9675883317114
31556,36.9722343675073
26460,37.0331435775764
53768,36.9950379585656
48066,36.9015919881319
57902,36.9777625987323
50474,36.914206802376
54198,37.0168287660557
50794,37.0633036338081
36192,37.1077587383414
54903,37.129082330489
49742,37.0503638001954
30446,37.0270784840015
50183,37.0475518022652
33256,36.9537082634966
20254,37.1363198153579
21215,36.9631367271449
25968,37.0357495364426
44955,37.0446614514515
31679,37.0760026048531
40525,41.742349574571
43224,37.0460224700575
36094,37.0362689870406
29077,37.1518772156714
22849,37.1085422671764
35227,37.0650767305422
53590,37.0742004885325
30600,37.0098582613825
49443,37.0735185282501
26320,37.0154184141526
32258,37.0096928497395
38650,36.9484441105086
45684,36.9966311338635
40287,37.0816759340105
48032,37.0192054701886
48056,36.9376691380475
44308,37.1808735864852
31094,32.3298459683897
26921,37.0320118137036
59643,37.1700434768097
46776,36.9573618294348
26778,37.0388720439481
38506,36.9908040008978
35588,36.9920228235301
43708,37.0294987175141
58476,36.9178719761488
23651,36.9408264690568
52020,37.0247859366693
31072,37.0725579799375
54506,36.870303069986
44714,37.0502796433946
58356,36.924421696818
30290,37.1356059335304
35632,36.9175092313178
29908,37.2757734382017
46564,37.0156302571339
38782,37.246240205038
25648,37.0173453146951
45126,37.038518004993
42847,37.0286861690926
54448,36.9647444122361
31390,37.0502796433946
29430,36.8635995455084
23853,37.0836318541394
41619,36.9053413187055
29279,41.8741217128728
41834,36.8912174859642
46004,36.8937566997815
55976,37.1488388649666
47106,37.0223802129499
31124,36.9052977893258
20491,36.9110320596148
44947,36.8860926269913
55872,36.969077036498
57752,37.1027383498798
49835,37.0370060845373
58612,36.8904542708397
34074,37.0078268903287
38714,37.0341302435168
47683,36.9789030684811
24327,37.0058187349441
53846,37.0455001175008
24186,36.9343928267336
34904,36.9715146817626
26732,37.0359352617961
22540,36.8926858770403
45104,32.179846627818
55422,37.1128052444308
46649,37.0410281992238
23079,36.9473819936433
58910,36.934842630324
35856,36.9357567472983
26452,37.0691394726499
38346,37.0069446948996
48797,36.9192329947549
25439,37.0033607759689
52740,32.3609984944792
50815,36.9918806275563
29998,37.1574025449378
22448,36.9081126892146
37895,37.0082563802086
46358,37.0573168931167
24404,37.0806660524009
30862,36.9311020056264
29091,36.934578552087
46274,36.9805862044971
36607,36.976073658799
50893,36.9044359076072
24527,37.0183348825941
55740,36.9488010514224
43193,37.0297482859579
50494,36.9083622576584
39765,36.9909723144994
59038,36.9720863676163
46453,36.9721124852441
52917,37.0909418879745
43501,36.9808822042793
34164,32.3356818072315
39403,37.0504305452443
36097,37.0347425567916
34622,37.1020360758869
29616,37.015621551258
40439,36.969068330622
58029,37.0213790372162
22668,36.9495497567536
57569,36.909528845035
22466,36.9053964559198
31657,36.9519090491347
35971,37.0968938051622
58849,37.0789132693773
42764,32.120034358118
30529,32.1910626979937
33995,36.9488155612156
27409,36.9211744050906
55546,36.9489432473961
46716,36.9485311692681
43327,37.2209148119144
51637,37.0476069394795
49139,37.0570412070451
48188,37.0015238361446
58416,37.0282886007578
46957,37.0291591883523
34433,37.012098573459
42495,36.9361775313023
55002,36.8982634415623
25714,37.0440578440526
49687,37.0686490416383
48808,36.9358147864712
35302,36.9534644989702
32700,37.1098278348576
38960,36.9841207901307
50955,37.1122074409492
34439,37.0802568762315
53508,37.0014019538813
51340,36.9429187812423
44375,37.0648590836436
48896,36.9841817312624
42925,37.044104275391
59724,32.2507385756372
45531,37.0329056169672
53991,37.1156549678234
28849,32.1877689749279
34658,37.0066167735723
35220,37.0387965930233
39323,37.1369582462605
31194,37.0399486706067
49002,36.9496977566447
32467,37.061803321187
22735,37.0125425731322
53264,37.0330565188169
23627,36.9141690769136
34224,37.0390432595084
31933,37.0593047347908
37108,37.0346119686524
24567,37.1487721199177
34009,32.3515497171203
44452,36.9478114835233
48991,36.9378867849461
37129,37.0277169149041
24951,37.0531235628699
38267,32.2276563965487
21689,36.9344682776584
32612,37.2003457290152
39768,37.2654540732484
41550,32.1519762169598
42469,36.9374398833143
45745,37.1313110347309
29025,37.1327736218897
38886,36.9824869874118
45060,37.03279244058
39907,36.9181766818069
51404,37.0656135928922
40543,36.8964555213244
27876,37.0272090721406
55892,37.1713986914985
46243,37.0676478659046
26601,36.9746865225651
51323,37.0169303346084
27975,37.0371889079321
27124,36.9399878030075
45884,36.9372106285811
48028,37.0205751946706
31333,37.0611358706979
51910,36.9661054308421
33751,37.1018735662026
28546,37.032725695531
31978,37.017147981507
34239,36.9604321016847
43490,37.0728481758024
55019,37.1085828945975
29443,37.0249832698574
39748,37.172904808037
45260,36.9345553364179
21836,37.009936614266
41688,32.3615788862089
32342,36.8992472055441
57039,36.9863407884967
59968,36.9836042414913
48686,36.9562706929831
56289,37.0082505762913
56717,32.3602062597682
36873,37.0648764953955
25287,37.0147886891259
45382,37.0997058030923
31206,37.1010349001533
25562,37.2025744332571
37384,36.9980095642215
53656,37.0312544024964
52332,36.9527274014735
53445,36.9628813547839
40028,37.07648142803
43701,37.1140298709803
22067,32.1264186671442
51529,37.1768166482949
52357,37.2654888967522
49508,37.1067459547731
44917,37.0799986019118
41871,36.9982736424585
23895,36.9873013368093
34675,37.1190067300622
43657,36.9110146478629
33565,37.2236194373746
20372,37.0301980895484
53073,37.0185960588725
28372,37.0183929217671
57496,37.0125512790081
39014,37.0389997301287
43186,36.9542625375984
43150,36.9165109575428
52932,37.0339271064114
26285,22.5829090397444
43058,37.0037844619316
41725,37.029632207612
45296,36.9829135753331
34916,37.0456452154333
48804,36.9067052392702
43090,37.0368754963981
53295,37.1759170411139
22773,36.9187425637433
30264,36.8984549708331
32231,37.0504943883346
44783,32.008883537971
47623,36.9250891473071
47970,37.0875756159425
31937,37.2024960803736
51005,36.914050096609
48833,36.9165893104263
37724,37.0420903160891
50218,37.1173032803356
20842,37.0309525987969
48634,36.9465897589323
32632,36.9488329729675
40766,37.0581381474142
45131,37.0155083748707
59979,37.0441681184813
33961,36.9726522495527
37152,36.8849579611598
52442,37.0587678724409
53767,37.0819835416272
57527,37.0088773993594
55144,36.950066305393
24081,37.1963323202046
49784,36.9743818169071
54115,37.1535661556047
41494,37.1165023397487
52245,36.9413372137789
40743,37.1349558947932
59451,37.2627146242844
24695,37.146096514044
42857,37.0208508807422
38812,37.1659894405781
26590,36.917102957107
49053,37.0199280578921
27671,37.1063106609759
49850,32.1259949811816
38203,36.9051236718069
48418,37.0349427919383
34626,37.0370960452554
24588,36.9924378036168
44687,32.2918041924692
42822,37.0124816320005
48184,32.144564614572
56015,37.0591741466516
57647,36.9702146042881
46946,37.0809997776454
29447,37.0213500176297
28762,37.0775000155156
32995,36.9980937210223
38140,36.9764102860022
26918,36.9778293437812
38611,37.1064238373632
48848,37.1253939410471
49550,37.1779484121677
43967,37.0607644199909
54140,37.0206506455955
41885,37.035209772134
34527,37.0385325147863
30341,36.9780905200596
24468,37.0936755330212
43696,37.0492523500331
35366,36.9923652546506
20266,37.1650317942241
44173,37.0359845950931
46226,37.053486307701
21040,37.2197395186618
27407,37.0793456612159
22275,36.9759953059155
55430,37.0308249126164
25497,36.9286208309821
30159,37.1602319546198
33318,37.1783982157582
37664,37.0131374746551
30001,32.1988022217087
40471,37.0287471102242
55578,37.0816527183413
22076,36.9663404894926
22812,37.0587620685235
58331,37.1113252455201
36608,36.9547761842792
20345,37.166468263755
37634,36.83469893933
31973,36.9250311081342
55747,36.9400980774361
21949,37.0251312697485
28535,37.2018721592642
24625,37.0449342355644
47631,37.041480904773
30554,37.1433773787905
20060,36.9991529359289
23241,37.0790206418473
52972,36.9720341323606
50619,37.0905356137637
53112,32.2543805337408
47189,36.9635575111489
35033,37.1750783750645
29047,37.0029835213447
59899,37.1897825995354
57411,37.0797635432613
33072,37.1837726431748
57748,36.9914511376763
52211,37.0391303182678
24183,37.0785679362982
32457,36.9503652071338
52398,37.0459092936702
42022,37.04552333317
45991,32.0429409246674
46387,32.1912281096366
41150,36.9180954269647
47799,36.9648720984166
26879,37.0654162597041
30617,36.9799651853464
39207,32.1355221114239
35667,36.8687244044813
37430,37.0224933893372
35986,37.038947494873
31536,36.919784366898
53996,37.0715219807001
40445,37.0388082008579
48511,36.9633601779608
59709,32.1327043095764
56872,37.1148482233192
26550,36.9682673900351
46263,32.112872324174
45692,37.1050047795841
29457,37.1081011694619
41386,36.9981082308155
53042,36.9339343172671
39199,37.1835491923589
38600,37.0233204475519
33111,37.0144288462535
44874,36.9879687872984
28924,37.0480973704911
45483,37.1726378278413
31288,37.0322323625608
27581,36.98614055335
47524,37.0882546742662
23446,41.8317966459874
25429,37.0665625333702
41632,36.9988859557333
54111,36.9910651771761
58788,37.1600665429769
35958,37.0139500230766
47906,37.2532513371323
52285,36.96990989863
36214,36.9668628420493
45032,36.9100163740879
40964,36.9894168646639
43873,37.0206448416782
51231,37.0948595321497
51632,36.9739581309444
34358,37.0270842879188
44594,37.167103792699
35669,37.0122901027298
30646,37.0327431072829
31787,37.186642680278
32688,32.1245527077334
54603,37.0938380427055
34447,37.1841731134683
20490,37.0502361140149
52652,36.9545034001662
56606,37.0457554898619
52456,36.9475096798239
25049,32.1168973408192
24786,37.035943967672
59955,36.9164587222871
23632,32.3903663159999
33154,32.1496053167441
59567,37.2347774683773
29911,37.001306189246
55238,37.1141749689127
59552,37.0179518240526
30358,37.0264864844372
43005,36.9706469961267
30843,36.8877641551727
47337,37.0358133795328
54229,36.9458903868981
32410,37.0271742486369
55325,32.3422924690323
57891,36.9869501998128
21434,37.2536518074258
43781,37.0027890901152
26731,37.029516129266
28455,37.0068489302642
30156,36.9488910121404
44700,37.0198555089259
57793,36.9257072644992
33595,37.0214167626786
38993,36.9855862792481
30060,36.9858271418159
24585,32.2512783399458
20405,36.9781108337701
22548,36.9294653009488
27605,37.0808982090928
44936,37.05668716809
33784,36.9822171052575
37749,37.0326299308957
59059,37.0034304229765
44387,36.9161104872493
37809,37.050424741327
42912,37.0136917487569
29542,37.0355899287169
39853,37.0298092270895
46524,36.9633775897127
36395,36.9724897398684
29847,36.8999959108753
33871,37.0441884321918
34083,36.9106925304529
34898,36.9503419914646
53550,36.9683167233321
58357,37.1242592752156
37122,37.0382162012936
43263,32.228709807538
23188,36.9558353991858
55654,37.0154532376564
56925,37.0246118191504
31047,37.0099453201419
49489,36.9633050407465
29307,37.0506481921429
22740,36.949018698321
54543,37.033938714246
37548,37.0211149589792
56345,37.1319668773855
22366,36.9936334105799
29571,37.0503144668984
20437,37.1031649378011
30698,36.9293260069336
31529,36.933745689955
31857,36.934265140553
23233,37.0730280972386
43901,36.9074191210977
30468,41.9005527522415
46085,37.0328214601664
37488,37.092918121814
21025,37.0148960615959
27154,32.3537174802306
53925,36.9809518512868
57005,36.9057679066268
57745,37.0522761909446
42147,36.9544105374895
58350,37.2018141200913
52147,37.0517509364293
56633,37.0589768134635
35436,32.1690310279358
43734,36.9504841874384
25764,37.0649229267339
30291,37.0009144248284
23486,37.1375589517007
55057,36.9516362650217
34870,36.95507508602
24611,36.8931327786721
59603,37.0907329469518
52708,37.0135379449485
58106,36.9223874238056
37776,41.8394171893978
57050,36.9634588445549
45930,37.0879876940705
38270,37.0213848411335
20852,37.044731098459
24345,37.1374515792307
56411,37.1818109191286
37404,36.9577216723072
42786,36.9748896596705
49009,37.1174106528056
29404,36.9544598707865
44397,37.0041210891348
34649,37.1717556324122
53950,32.2339768624847
47016,37.021100449186
36922,37.0561706194506
24842,37.1573764273099
30289,37.0271800525542
43643,37.1015543507513
22831,37.0370467119584
58697,36.9924087840303
59708,36.9836506728297
55076,37.0700826092106
33946,36.9923739605265
47295,36.9240299324005
43373,37.1369901678056
38047,37.1772751577613
39610,37.0446730592861
46504,36.968383468381
43591,37.0346264784457
26852,32.1759492973533
56810,37.0674911601376
36739,37.0848187552266
36047,36.8958112865045
52681,36.9620252769826
30403,37.0260337788881
36008,36.9575214371605
41835,36.9691524874228
58004,37.0136424154599
27250,37.0731093520807
36577,37.0273541700731
45169,37.0100555945706
49945,37.0832023642595
57759,37.018302961049
37695,37.0333264009712
20947,36.9645209614202
24234,37.2686636395134
40104,37.070648491147
21559,36.9338675722182
42479,36.948383169377
38987,36.9430493693814
54245,37.0429899232701
28973,36.9957257227653
41944,37.0069185772718
44294,36.963441432803
59224,36.9083622576584
53399,36.912111588232
25008,37.0139674348285
55548,37.0049539512669
51644,36.9951569388702
46676,32.0334834414326
53035,32.0480919012681
23194,37.0736346065961
25419,36.9956531737991
36520,36.9378954908221
59128,37.1137657927433
29358,36.9286150270648
39008,37.0107810842326
45090,37.0039556774918
43840,37.0248700934701
31273,36.9400371363045
33725,36.8979964613666
51100,37.107390189593
53597,37.0405000427498
35946,36.9445206624161
36074,37.0305463245862
27221,37.0605961063893
34987,36.9097464919336
46026,37.02362515321
27287,37.216231050656
46000,37.0373601234924
28227,37.0859098916784
24915,37.1012380372587
59345,36.9538765770982
39383,37.0447281965004
55811,37.1763552368698
23737,36.9716771914469
51259,36.9546252824295
38767,37.0249484463536
31105,37.0334221656066
25226,36.9812565569449
27615,37.0270581702909
36040,37.2005198465341
44091,37.1080576400821
44243,32.0339245391471
46190,37.0548183067205
47615,37.0801901311826
39728,32.0778282715372
49707,37.1892892665652
43219,37.1504175304713
32166,36.9605684937412
47433,37.0538055231523
57226,37.0543568952954
52094,37.2690496000136
40254,36.9778525594504
49849,36.9600055137634
35440,36.9632324917803
57241,36.9903919227697
44152,37.1141285375744
41174,37.2386341714208
20716,36.956221359686
25285,37.0545977578632
50026,37.0584747746174
22978,36.9861550631432
29238,37.0214515861824
41348,37.0011378756444
42067,36.9586328873228
54608,37.0923609457535
48566,37.0649490443617
49540,37.0573372068272
56946,37.0938612583747
49302,37.0503405845262
22373,37.0073451651931
27339,37.0215995860735
32582,37.0476591747352
40350,37.0416666301264
58540,37.1170595158092
47784,36.9950147428964
28904,32.1304146642029
22566,37.0782603286815
44965,37.1085277573832
58229,37.2647053679171
38092,37.0177428830299
54390,37.0361616145706
48948,37.0443509418761
47223,36.9990745830454
27458,36.9912450986123
20726,37.091606436505
51481,37.0965571779589
43025,32.0882434011259
38125,37.0322294606022
24140,37.1144622628189
46844,37.2757647323258
36590,36.9330463179208
21877,37.2538694543244
46213,37.1399095382058
25583,37.0938351407468
25549,37.1654467743108
53828,37.0051628922895
52473,37.1145783411649
29494,37.1668513222966
47689,37.0386631029255
42704,36.960281199835
48121,37.0094955165514
35947,37.0331261658245
37670,37.0357466344839
47746,32.160267112818
36567,37.0962002370452
34534,37.0776044860269
44637,32.1473069654947
54117,37.0556424629766
22690,37.0098205359201
35829,37.0214486842238
53891,37.056266384086
30868,37.1026135656579
43159,37.1609603462406
53699,37.0590609702643
53422,37.0912494955912
50139,37.079064171227
58407,37.0989599997197
53833,37.0910318486926
52352,37.0062888522451
55062,37.0502651336013
22764,36.8841715303662
22002,37.2014310615497
37779,36.9959114481188
31455,37.0996274502088
48437,36.9720863676163
42017,37.1024162324699
24435,37.177896176912
33270,36.9053210049949
26538,32.3467934068958
29071,36.9370481188968
36589,36.8862058033786
34408,37.0511966623274
40708,37.0242926036991
50191,37.1040297214783
25804,32.1393294811705
32769,37.0210975472273
33577,36.9720341323606
39405,37.0343072629944
28662,36.9985899559511
24987,36.919743739477
43232,37.0237383295973
26402,37.0493278009579
36894,37.0992618034192
21906,36.9556583797083
22340,37.0155809238369
23228,37.0388865537414
36932,37.0329085189259
48326,37.1474720424433
29620,32.1364420323155
22361,37.2593454502937
33284,37.0775203292261
44506,32.1691267925712
54361,36.9641785302997
32390,36.9598255923272
33691,37.0778482505534
59487,37.0498501535146
57811,37.080326523239
38531,36.9801422048239
37823,37.0212136255733
58425,37.1257769995886
26767,36.9894052568293
28278,37.0682630811381
46577,36.9442943096415
34235,37.0384889854066
36963,36.9575968880853
34593,37.0760809577366
40185,37.0783967207379
25750,37.1260120582391
47914,37.0272090721406
59037,36.9618685712156
59559,37.1082636791462
52918,37.1030024281168
44810,37.0882285566383
42408,36.9290242032342
40297,36.9470018370604
46331,36.9430580752574
34062,37.1259220975211
41095,36.943226388859
52701,37.2108537212807
34620,37.0242926036991
20027,37.2297541779571
34732,36.9428143107309
46313,36.9584123384655
50236,37.1815091154292
59337,37.1123119114605
23313,36.9930733325607
22449,37.0041472067626
56498,37.079386288637
52741,37.1531889009804
50251,37.0179866475564
38066,37.0215792723629
30609,37.2101688590397
37293,37.035787261905
20363,37.0654510832079
56235,36.9054225735476
47251,32.1725540057348
49163,37.0440665499286
58991,37.0002846998018
52711,36.9193606809354
51940,37.0523864653732
59809,36.9605830035344
58067,37.0988352154979
40481,36.9793731857821
29844,36.9923043135189
43548,37.11450289024
39027,37.0411442775698
56173,36.9594222200751
55868,36.9301733788589
46418,36.942492193321
45526,37.0502419179322
51427,37.0072435966404
22693,36.9633224524984
52818,37.1192737102578
57538,37.0223018600664
46543,36.9429971341258
59864,36.8907212510354
50009,37.143415104253
31649,36.9351763555686
49782,36.9545991648016
43944,36.964869196458
52803,37.0734837047464
36332,36.9476228562111
29428,36.9135335479696
27724,36.9993967004554
39058,37.1660242640818
45089,36.9611691991814
21311,36.9678814295349
55368,37.0399022392683
52472,37.0838524029967
56782,37.0908200057113
25582,36.9362732959377
31493,36.941221135433
57322,37.0696211977855
51495,37.1180635935015
30623,37.0912001622942
50598,36.909314100095
47531,37.0795342885281
52266,37.0598183814715
27119,36.9400922735188
52121,37.0298150310068
22659,36.9774375793637
52800,36.9993328573651
50449,36.9871823565047
27165,37.0987017254
23098,37.0413706303443
21570,37.0740960180211
28588,36.9745849540124
58779,37.0534485822385
22399,37.1336645231947
50807,37.0240285254621
27209,36.9893327078631
41374,37.1315199757536
41293,36.9841875351797
31242,37.0216140958667
24472,37.0919575735014
25856,37.0257203673541
55254,37.1539463121876
42386,37.0360658499352
29800,32.1008640192874
26676,37.0571340697219
51292,37.012559984884
39534,37.1150078310448
56680,37.0574765008424
30719,37.0461327444862
48554,37.0464432540615
49034,36.9380521965891
37502,37.013625003708
39181,36.9010609296992
34389,36.9922927056843
36139,36.9511893633899
20251,36.9876060424673
37458,36.9343173758087
50435,36.9017719095681
37463,37.0003050135123
34889,36.9859025927408
30542,36.9778467555331
52177,37.095970982312
31867,36.9565695947238
39307,37.0438140795262
29879,36.9196508768002
52362,37.2328389600002
40393,37.0647894366361
41535,37.0681702184613
20072,36.9467522686166
23626,36.975281424088
30578,37.0399399647307
36566,37.0655700635125
51561,36.9950814879454
38045,36.9950031350619
24382,37.1634879522232
37893,37.0169013150219
54272,36.9693614284455
57003,37.0482337625475
57008,37.0595630091105
22830,36.9981604660712
37233,37.0403230232723
43218,37.0300355798641
30735,37.0588201076965
46618,37.0979472161515
44242,36.9992545044816
40331,37.0129981806399
30860,37.0960232175677
27101,37.1487256885794
57214,37.1605337583193
45424,36.948696580911
23157,36.8906458001105
33343,32.249461713832
58446,22.5142748157535
48322,37.1024771736015
35801,36.9944459590014
52541,32.2125023684873
21784,36.9684676251818
37427,37.0016486203665
31309,37.1780731963896
26945,37.0589332840838
46308,36.9231738545993
41108,36.939645371887
47429,37.1787551566719
24449,36.9602521802485
57348,37.0317709511358
47714,36.9150860958464
20653,36.9162671930163
50932,36.9050221032542
32076,36.9972405451797
39972,36.9882851007911
46880,37.0439533735413
51622,36.9966253299463
54424,37.1425358107825
34203,36.9454086617625
23495,36.9827481636901
29349,36.9826872225585
35552,37.0118722206844
59921,36.9567814377052
44991,37.0499081926876
46496,36.9781224416047
54048,36.9899160015514
42012,36.8792643182919
49138,37.0788378184525
35109,36.960339239008
51923,36.9591871614246
46265,37.0400502391593
50953,37.0185815490793
27552,36.9475590131209
57643,36.9469989351018
41094,37.050424741327
43095,37.1726929650556
33807,36.9745095030876
30611,36.9813900470427
54141,36.9777829124429
48625,37.0279693853065
22008,37.254507885227
34300,36.9843239272361
21309,37.0235613101197
45395,37.1004893319274
54219,37.1916543628636
55339,37.0525025437192
42248,32.1131102847832
57709,37.0155199827053
56644,37.0030618742282
27376,36.9284989487189
55516,36.9511110105064
59129,36.9748403263735
23027,36.9634124132165
24120,22.4629188535546
40930,37.090599456854
50222,37.0490869383901
58290,22.3884545946394
46118,41.8051450577615
53278,37.1775479418742
35247,37.0614376743973
21430,37.1112730102645
41472,36.9916861963269
46105,22.5678972076567
26446,36.9460093672027
35766,37.1375879712872
44194,37.0273483661558
39407,36.9905486285367
42562,37.2818153161075
45615,37.0383409855155
42101,36.8936522292701
50978,36.9957634482277
58707,37.0531438765804
56763,37.0155780218783
55900,37.0365969083679
45346,36.9677972727341
38405,37.0137149644261
52418,37.0474357239193
41191,37.0381871817071
47372,36.88798470403
43681,36.9981285445261
46079,37.0985885490128
24906,37.1173061822943
55448,37.0854107547908
44330,22.4481769036213
21724,37.0445453731055
49817,37.0794733473964
45536,37.0667975920207
50378,37.188424482888
39920,37.0198990383056
44036,32.1112211097031
41507,37.1606295229547
39770,37.0508223096618
57046,37.0901380454289
20758,37.0211439785657
20219,36.9846866720672
44021,37.0795226806935
36371,32.132451839174
24462,36.9433772907087
35512,36.9633224524984
48482,36.9668628420493
42218,36.9835229866492
50898,36.9265430285899
34576,37.053262856885
50351,37.1626347763806
31541,37.0051861079587
22639,37.2344524490086
42862,37.1899480111784
56734,37.0068083028431
57351,37.0621022229277
38243,37.0835215797108
37741,37.1623503844331
37549,37.0145246108889
43086,36.8654800147125
24849,37.0730251952799
24311,37.0121740243838
56672,32.158047114452
34897,37.0647546131323
23482,37.0966906680568
40716,36.9729250336656
37039,36.9984796815225
29876,37.0653408087792
41485,36.971816485462
55466,36.9517059120293
43322,37.0020868161223
27434,37.1957577323923
54446,36.9553246544637
32285,36.9029646145725
51854,37.009730575202
52046,37.0304795795373
49113,37.0069446948996
24041,37.0235526042438
52093,36.9502607366224
52600,36.8905935648548
30193,37.0824449530523
27665,37.1378839710693
42452,37.1404638123077
46131,41.8613124673992
33149,37.002559835382
55919,37.0452621568917
56700,36.9749302870916
38716,41.8624558391066
27027,36.9752495025429
28716,37.0179431181766
46427,32.0441017081267
41539,37.0756601737326
31362,36.9299934574227
40417,37.0944648657735
48018,37.0703002561092
57103,36.9154894680986
29513,37.0802394644796
47905,37.0940614935214
22192,37.0360078107623
48014,36.8978426575583
36271,32.1319614081625
52602,36.9535834792747
20493,37.0010188953398
39887,37.007882027543
24938,36.9054370833409
23961,36.9532642638234
23078,36.8979790496147
37657,37.1953775758094
53242,36.9401329009399
51564,37.0882372625143
27725,37.0060508916359
48594,37.0572936774475
58524,37.0472209789793
44732,37.0476417629833
42903,32.1789121971333
57126,37.0735910772163
57836,36.9095810802906
34882,37.1507193341707
30075,36.9592074751351
57618,36.9919009412668
43424,36.978705735293
44195,36.8657876223292
41089,37.2769690451648
43030,36.998450661936
53613,37.0618149290216
37728,36.9709429959088
53044,36.8856776469046
21913,36.9653683333455
56280,37.1067285430212
56019,37.0144056305844
34325,37.01952468564
24079,36.9516943041947
23677,32.1134527159037
51620,37.0331813030388
37308,37.0478536059646
47650,37.0218781741037
28926,37.0659821416405
39137,36.8611183708641
56259,36.9423993306442
58664,37.0092836735701
41427,36.9726522495527
46897,36.9760794627163
25182,37.1103095599932
24674,41.8251424548069
36661,37.0897782025565
36660,37.0329462443883
44101,37.033898086825
57790,36.9982736424585
48940,36.908951355264
47136,37.0292694627809
27667,37.0271829545128
30660,37.0710924908202
40182,37.0556656786458
42993,37.0329955776853
24956,37.0535298370807
38450,37.1462996511494
44996,37.0359062422096
37184,37.0015528557311
46809,37.091705103099
52237,37.0027890901152
29381,37.1118534019941
58195,36.8789480047992
46420,37.0157347276453
54255,36.9778003241948
58049,37.011413711218
54103,36.9074481406841
54348,37.0326589504821
44220,36.9691466835055
27192,37.1780673924723
20035,37.079072877103
49960,37.0300616974919
20348,37.0504450550375
40785,36.9632702172428
34932,37.0258741711624
53124,37.0697604918006
58314,36.9896229037279
21527,36.9843123194015
52522,36.9197118179318
59942,37.0384744756133
38613,36.9736447194104
38299,36.9829977321339
40009,36.9488561886367
41751,37.126244214931
28111,37.0284366006489
33479,36.987980395133
59482,36.8963974821514
54904,36.9782414219093
35749,36.9081968460154
21634,37.095863609842
38048,37.1365026387527
41984,37.1326198180813
46035,36.9342535327184
30740,37.067900336307
59885,36.9575243391191
51114,36.9477186208465
43554,37.067801669713
54655,37.0561445018228
28471,36.9473326603463
51023,37.033625302712
26419,37.0584312452376
50161,36.9558353991858
38129,37.0230012321006
49244,37.0200383323207
24450,36.9676318610911
30819,37.1802467634171
55493,36.8562285705417
33885,37.0213035862914
54587,32.0747057640316
58313,37.0217446840059
38002,36.9560675558777
41077,37.212864778624
29007,37.0547138362092
24621,36.9512938339012
55357,37.067703003119
31300,37.0211671942349
57737,36.8993168525516
59028,36.9432641143214
35189,37.1779832356715
23365,36.9370103934343
37527,36.997246349097
58725,37.1374312655202
32384,37.0166865700819
27175,36.9487401102907
46413,37.166047479751
51463,36.986660003948
42897,37.0335121263247
54120,37.1374631870653
33453,32.2422880720534
25906,36.963342766209
23251,37.0332277343772
58665,37.0690001786347
34971,37.0213993509267
48794,37.0233842906422
26686,37.0402330625542
53594,37.149256747012
40914,36.9302459278251
51924,36.9693643304042
33190,37.0566001093306
48150,37.0470468614604
55964,37.0146203755243
36070,36.9360295314112
59571,37.0058071271095
57579,37.0561938351198
52180,36.9937959202642
52214,37.0263326806289
40911,37.0077398315692
58110,37.0459325093394
28405,37.044789137632
28309,37.0987655684903
30077,37.0584370491549
23037,37.1550896838951
58640,37.0216576252464
40671,36.9693643304042
46930,37.1617961103313
20461,37.0522268576476
23328,37.0393972984635
26797,37.0445714907334
30645,37.0524154849597
25993,36.9482467773205
52582,37.0013526205843
42635,37.0746125666605
31214,37.1454522792241
26669,36.9081649244703
26172,36.930527417814
46076,37.0382597306733
58688,37.1849653481793
34891,37.0503347806089
22357,36.8853990588744
37540,37.0580510886547
40217,36.9868138077564
25704,36.9284844389256
28579,36.9268883616691
53694,37.0574271675453
37660,37.0793572690505
34102,37.0367303984657
24517,37.0611358706979
47491,32.1184847121998
40466,37.0101571631233
54318,37.0790931908135
50201,37.1837494275056
59000,37.0936726310625
33439,37.1710997897577
56426,37.0365330652776
49357,36.8474095182096
30254,36.9984419560601
35175,37.1267810772809
40035,37.0360629479766
22113,37.0010566208022
55453,37.1697764966141
51283,32.1046249576955
54694,36.964605118221
54485,36.8885360761732
39703,36.9945010962157
54244,37.1085974043907
56078,37.0532454451331
46693,37.0295132273074
55248,32.3832303996838
22970,37.166154852221
53465,36.9043488488478
44813,37.0163847663825
47142,37.0059986563802
24210,37.0581932846285
57378,37.0270871898774
31831,37.0533818371896
44043,37.0213703313403
52721,37.031472049395
30541,36.9434469377162
27318,37.0200180186102
48539,37.0069272831477
42952,36.9635923346527
56908,32.1166245567062
36994,37.0327982444973
46887,37.0183668041393
53576,37.03047377562
20243,36.9634066092992
47296,36.9198249943191
52000,37.0853701273698
41475,36.9051352796414
50341,36.9401590185677
44227,36.9632557074495
42141,37.021669233081
49571,32.2262402407283
41121,32.1737670244498
38494,36.9026773206663
43404,37.1091110510715
31809,37.101763291774
37946,36.9547210470649
26449,37.1886276199934
38063,37.0593946955089
41444,37.027206170182
33255,37.2020230611139
28187,32.1128665202567
31017,32.4228769587368
24888,37.093602984055
59225,37.0603378320696
45652,36.9047928485209
34858,37.0796706805845
42861,36.9655076273606
58006,36.9749244831743
23721,37.0418842770251
29625,37.001933012314
34719,37.1593845826945
33551,32.1386910502679
33170,36.9340271799439
45728,36.814483895386
47632,36.962962609626
25220,36.9357161198772
27627,36.931897142296
44660,36.9227211490501
23480,36.9795618130943
40841,36.9703509963446
33042,36.9563490458666
28865,37.0257667986924
22276,41.9949969964502
43744,37.0360426342661
25075,37.0241678194772
25028,36.9807574200574
48252,36.9419118015913
41563,32.1668110295699
20048,37.1148395174432
42097,37.0101861827097
56106,36.9768513837168
20914,37.0559471686347
59502,37.0651318677566
50253,36.9112061771337
26853,37.0932373372653
51395,37.0631498299998
43004,36.9818224388813
35283,37.0771517804778
46227,32.2743721268689
57789,32.0895899099387
23815,37.0140022583322
56368,36.9718861324695
22962,32.1303769387405
25681,37.0302445208868
28262,36.931162946758
59222,37.1085799926388
33625,37.0010798364714
30668,37.1600317194731
53837,32.0375752031267
42641,37.0143417874941
37562,37.0328765973808
28868,37.0100991239503
49893,36.9742628366025
26136,36.9496513253063
29299,37.038428044275
49984,37.0125512790081
44546,32.2228913804482
28977,37.0429812173941
54732,36.9525097545749
39722,37.160890699233
43896,37.0518989363203
43388,36.9517523433677
55566,32.1624261700523
48180,37.0857183624076
58238,36.9883054145016
25943,36.9340126701506
48428,37.0445918044439
36682,37.0651231618806
21023,37.0457322741927
39683,37.1160728498687
21851,36.9548081058243
46439,36.9089716689745
29210,37.0400154156556
50315,37.1702698295843
49980,37.1366825601889
30397,32.1607198183671
25470,37.0208131552798
48874,36.8995548131608
51472,36.9049147307842
48953,37.2186774017965
33465,37.0072987338547
54584,37.0037873638902
27524,37.1727161807248
50846,37.0320060097863
38621,37.1313835836971
57026,37.0218201349307
47797,37.1259859406113
37392,36.9284960467602
49454,37.044574392692
30458,32.3877922786789
56424,36.9141603710376
59722,36.9957083110134
49204,37.0671487290171
22514,32.1184847121998
27851,36.9778670692437
24515,36.9858561614024
34130,37.0910028291061
45529,37.1434992610538
22387,36.9415055273805
33851,37.0102268101308
58928,32.1259427459259
57814,36.9390214507776
52035,37.0966355308425
50946,37.1820517816964
27727,36.9617350811178
47487,36.9309888292391
29326,37.0712288828766
39136,37.0271916603888
49235,36.8716756964266
28581,37.0848448728544
27937,36.9343028660155
38145,36.9403911752596
36652,37.043320746556
35940,37.0921520047308
35063,36.9836448689124
45343,36.9968574866381
27992,37.0097334771606
59808,37.2587215291843
27314,37.0163731585479
40201,37.0407118857312
42140,37.026843425351
44926,36.9893298059044
49110,37.0349166743105
40321,36.9597878668648
56062,37.0371163589659
54822,32.0713365900409
52704,37.0121188871695
22857,37.0219739387391
35931,37.0177806084923
31303,37.1750986887751
28197,36.9725303672895
37309,36.9643758634877
52819,37.1308844468096
36166,37.1160409283236
39142,37.0414634930211
54327,36.9774607950329
50576,36.9638825305175
21022,37.0694964135636
23862,37.0335556557045
23473,37.0877120079989
57832,37.0835505992973
20745,37.0948363164805
30162,37.0848158532679
38865,36.9044504174004
51090,36.9220769142302
28344,37.067224179942
28869,37.0790844849376
48325,36.9384584707998
32944,37.0203169203509
52438,37.0084885369005
36421,37.021207821656
43964,37.0117996717182
35873,36.9607281014668
34395,36.940057450015
34420,36.982130046498
50875,37.1254955095998
30093,36.9659255094059
33169,36.8440577559708
20097,37.0093620264536
24080,32.1311314479891
42180,37.0211875079454
47829,37.0508687410002
34895,37.0130417100197
51491,37.0302706385146
44767,36.9945620373473
21747,37.0547660714649
56838,36.959547004297
59626,36.978020873052
56155,37.005299284346
27593,36.9921766273384
58594,37.0791860534903
55043,36.9958592128631
37134,32.3460621133164
47182,36.9002977145747
58798,36.9202689939923
51116,37.0581207356623
26354,37.087183851525
27324,37.1850262893109
48767,37.037264358857
51207,37.0135263371139
24257,37.0674157092128
37644,37.0537590918139
31892,37.043370079853
41743,36.904726103472
56231,37.0729729600243
41820,36.9862450238613
44025,36.902680222625
43526,32.0795839565194
24863,36.8995403033675
46592,37.1877628363162
20108,32.1038269190673
33242,36.9109566086899
21783,36.902671516749
50719,36.9545672432565
54592,36.9438474080097
36644,36.9588157107176
37370,37.0743571942995
41361,37.0363299281722
54472,37.0144462580054
30687,37.1138238319163
52387,36.8979152065245
35263,37.1607426993419
32179,37.0015905811935
29088,32.0689047486937
41339,36.936641844686
52619,36.9210409149928
21216,36.9013337138122
46002,36.9991210143838
29627,36.9633979034233
36850,37.0044983437591
41999,36.948284502783
33606,36.9374282754797
47605,37.0372266333946
55315,36.8996128523337
28410,37.030935187045
37372,36.9890425119983
33276,36.9053239069536
44983,37.0445511770229
53175,37.2150528554448
30000,36.9516797944015
28082,37.039417612174
59123,37.0423340806156
24917,36.9903164718449
46043,37.0569541482857
20090,32.1439058699589
47590,37.0028384234123
37444,37.0028935606266
32997,37.1225268059025
23628,37.0887973405334
51028,36.9749825223473
47552,37.0791512299865
22342,37.0923493379189
55523,32.1152722439761
31491,32.0592035009324
22760,37.0300297759468
24156,37.0561299920295
23509,36.9620542965691
49913,37.1400140087172
54281,37.160626620996
35069,36.9311542408821
22815,36.9574024568559
52673,36.9443146233521
26247,36.9777858144015
36641,37.1490129824855
55304,37.0445424711469
51974,37.008987673788
26450,37.055375482781
59514,36.9908446283189
31123,37.1809548413273
32413,36.9622458258399
56444,37.273567949629
37306,36.9438880354308
57864,37.0108188096951
54550,37.1844197799534
32633,32.1107742080713
22568,37.1090936393196
36701,36.9513431671983
57216,36.9576404174651
35611,37.1723012006381
37378,37.0941079248598
34798,37.0746357823297
22928,37.054484581476
49385,37.1712245739796
32500,32.181117685706
59638,36.9367521191146
21196,36.888150115673
31550,37.2519280439887
53425,37.1370395011027
55474,36.9752030712045
55485,37.0714436278166
52521,37.05868371564
43558,37.1374312655202
52669,37.0502999571051
33352,37.0154619435323
30440,36.9714537406309
58585,37.0214835077276
27064,36.9891411785923
37555,37.1325269554046
37935,37.0234771533189
39869,36.9576665350929
24144,36.8939395231763
30874,36.9704873884011
44733,37.0049684610601
46478,36.9371090600284
33177,36.8870241557174
22861,36.9624112374829
37334,36.8959737961888
41329,37.1393088327656
27880,37.0406538465582
28552,36.9866222784856
46767,36.9703335845927
26801,36.904578103581
28786,41.7584119156893
51172,36.9546078706776
52260,37.0873202435814
26037,37.1331827980591
46146,37.001991051487
43349,36.8965715996703
40086,37.0270900918361
23357,36.9455479557776
39897,37.0461240386102
32377,37.0882024390105
29131,37.0578653633012
28729,36.9846286328942
53470,36.9429710164979
38802,32.3648929229852
36428,37.0410833364381
56683,36.9460441907065
46147,37.1114094023209
28827,37.0333873421029
28728,37.0156679825964
52298,37.1711694367653
53769,32.1591846822421
32708,36.9557831639301
53552,37.1609835619098
34137,32.0503583309724
58254,37.1851713872433
27290,36.9718280932966
27274,36.951015245871
31192,37.0674157092128
36645,32.1918085013663
46432,36.8871837634431
46632,22.391832474506
34887,36.9150164488389
24007,32.1274749800922
26913,36.9976787409356
21619,36.998186583699
53503,37.0026614039347
58122,36.9815235371405
42966,37.1961349870166
26451,37.0108188096951
54328,36.9020359878051
34112,37.0533934450242
32075,37.1356436589928
28930,37.1060552886148
20000,36.9047696328518
35125,37.0895953791617
33582,37.1978877700401
50245,37.0216866448329
51801,36.9024364580985
38410,37.034780282254
45170,37.1834128003024
32039,36.948432502674
33382,37.1081156792551
37032,37.1653742253446
34800,37.0508077998686
46425,37.0036335600819
52826,37.0410833364381
45379,37.0018604633478
27186,36.9807516161401
53435,36.9633166485811
50032,37.0281986400397
54043,36.9721008774095
37744,36.8965861094636
26467,37.0501142317516
44110,37.0323368330722
37523,37.009672536029
34555,37.0755266836348
20168,37.0292201294839
28911,36.9396889012667
50575,36.9845096525896
32368,36.9574546921116
59062,36.922523815862
37751,37.0213674293816
25044,36.9648430788301
26371,36.8874623514733
38942,37.1729193178302
39332,32.2360488609595
33127,37.1463141609426
36305,37.0630917908268
39201,36.9860767102597
58768,37.0474357239193
54081,37.070755863617
26245,36.951700108112
31280,36.9555597131142
45464,37.0362051439504
42514,36.9496223057198
40635,37.0525983083546
37764,37.039054867343
42946,37.0073654789036
56475,37.1006286259425
45947,37.0899203985303
51110,37.0846620494596
40518,36.9052832795325
55525,32.1876267789541
35843,32.3010933621024
53789,32.1152142048032
31896,36.9604988467336
38069,37.2336108810006
45629,37.0959593744774
29925,36.9633543740435
34508,37.1817267623278
36265,37.0098118300441
22239,36.9938191359334
54095,37.1664537539618
23145,37.0463068620051
40327,37.1065021902467
44184,37.0416201987881
48471,36.9428433303174
36407,37.1953746738507
22883,37.0163528448374
29453,36.9827626734834
46868,37.015200767254
34306,37.0143272777009
52360,37.0217156644194
43384,37.0212745667049
36767,37.0167417072962
47468,37.1080489342062
24381,36.9857923183122
43089,36.9981256425674
46628,37.0068547341815
45496,36.9920373333233
37564,37.0444467065115
36044,36.9197379355597
28656,37.0994910581524
46126,37.1382786374455
53339,37.019466646467
36217,36.972031230402
58892,36.9272801260866
57882,36.9487865416291
56336,36.99444886096
45924,37.0213209980433
53743,37.1869299741842
56189,37.0347454587503
51961,37.0358888304577
55495,37.0069650086101
37041,36.9491202668737
48692,37.0912523975499
20429,37.0899407122408
39421,37.0504218393684
40031,36.9633514720849
35922,37.0445221574364
24471,36.910213707276
28858,37.0486168210891
30232,36.9224570708131
51733,36.9998668177564
34673,37.0388169067338
32014,36.982452163908
29849,37.1229388840306
48319,36.9987756813046
56523,37.1337167584504
47602,37.0509093684213
52428,32.3030405763554
51699,36.9402983125828
44617,32.0728572163727
27712,36.9576259076718
52586,37.0084479094794
23797,37.1758851195687
35837,36.9993096416959
56039,36.9544511649106
25185,37.0316258532033
46378,36.9573153980964
25130,36.9618975908021
45817,37.0115094758534
26155,36.9255708724427
51249,37.0446208240304
44423,37.030894559624
48942,37.0234771533189
49064,36.9774956185367
25254,37.0855819703511
54234,37.1368915012116
42627,36.8731527933786
55340,37.1009159198487
39930,37.0259060927076
49954,37.0956227472742
57220,36.9489548552307
41747,36.9290125953996
41202,37.0070984987079
24974,37.1289082129701
39062,37.1179794367007
39971,37.0223715070739
51959,36.9543931257376
49311,36.9647763337812
29194,37.074072802352
49180,37.0040572460445
37990,37.067859708886
37746,37.0429725115182
56657,36.8944850914022
34425,36.8969256386254
50460,37.0907213391172
47434,37.0541972875698
28023,36.954596262843
45035,37.0877294197508
31960,36.9459165045259
44685,37.0332393422118
40367,37.1665959499356
53960,37.0268985625653
50954,36.9454928185633
52051,37.1515144708404
35169,36.9641698244237
36340,36.9141748808309
35100,36.8785156129606
22463,36.9514563435855
57173,37.0358307912847
48708,37.0281231891149
28461,37.0630018301087
28358,36.9168562906219
49886,37.1639058342686
29516,37.0129604551775
45520,37.061901987781
46573,36.9667235480342
58567,32.3748640529007
48363,36.9020243799705
32053,37.0330013816026
22326,37.0282711890059
46136,36.9778525594504
37547,36.9167866436144
20309,37.0508600351242
30197,36.934430552196
41076,36.9783662061312
55041,37.0295335410179
35863,37.0070665771628
50274,32.3393121575005
49635,36.896310423392
34908,32.2140984457438
56988,36.9923043135189
20512,36.9061306514578
26780,36.9433772907087
20071,37.020258881178
45613,37.0671516309758
52839,37.045366627403
41371,36.9052919854085
29163,36.9605046506509
37344,36.9129299405708
24062,37.0329114208845
27976,36.9142474297971
44620,37.0579263044328
38075,37.0618265368562
29028,36.8900218790011
24220,36.8924711321003
43390,36.9486994828697
34510,37.0629060654733
54824,37.0210975472273
27368,36.9663346855753
37872,36.8965454820425
56650,37.0495367419806
47853,36.956024026498
59252,37.0517857599331
24616,32.3693097040479
51311,36.8879266648571
25321,37.0347483607089
36540,36.9343928267336
21598,36.9461399553419
34597,37.0406741602687
22396,36.9544105374895
41198,37.0825029922253
50242,37.1365461681325
32212,37.0448239611358
58507,37.0213674293816
50466,36.8988206176228
20535,36.9317520443636
43669,36.944166623461
24920,37.1244217848999
22780,37.240662640516
22845,36.8892412521247
46260,37.0776915447864
30418,36.9748403263735
35043,37.1483803555002
42710,36.9421236445726
46988,37.06542496558
58922,36.8860084701905
30337,37.2091009382571
29401,37.0080329293927
23559,37.0357437325253
28441,36.9256550292435
40787,36.9417928212867
29328,37.0794501317272
27322,36.9893123941525
36686,37.013773003599
44140,37.0213993509267
26922,37.0965223544552
48620,36.9980095642215
34817,37.019515979764
30939,37.0396207492794
41533,36.9924871369138
29547,37.0107317509356
27026,37.079963778408
50257,36.9359860020315
34814,36.9088991200083
41916,32.1895072481582
55063,37.1375241281969
49240,37.0583848138993
27714,36.8222930661086
28038,37.0212600569116
38789,36.9506263834121
36397,37.1731485725634
51407,36.9997188178653
54743,37.0188166077298
22581,37.105451681216
38144,37.0793833866783
37321,37.0977730986326
34295,37.0373456136991
24879,36.9563983791636
20187,37.1138035182058
54227,36.9545933608843
33985,37.0681441008335
55060,36.8969227366668
45916,37.0792498965805
38216,37.0213703313403
32773,37.1784765686417
38939,37.0502361140149
45737,37.0067212440837
41404,36.9743527973206
58258,32.3163634685098
25302,37.0940092582657
33514,36.9896345115625
41631,37.0695863742817
55279,36.9919705882744
21743,37.0069243811891
54137,36.958969514526
20399,37.0760490361914
27588,37.0842993046286
26199,36.9227008353396
23418,37.0251051521206
51594,36.9988482302709
56518,36.8865859599615
46856,37.0189036664892
42934,37.0442290596129
43594,37.1374805988172
56428,37.0155402964158
58385,36.9430029380431
37996,37.1665669303491
43348,37.1292738597598
28870,37.0272206799752
32851,37.0208711944528
22971,37.0151021006599
50555,36.9803308321361
23771,37.04606019552
28145,37.1863234648267
49801,36.9912538044883
28899,36.9039570844302
56440,37.0656164948508
36584,37.0041414028453
27848,37.0434252170673
20275,36.9014613999927
58306,36.9921592155865
20159,37.0560545411047
57070,36.8742555376649
57857,36.9393899995259
36351,36.9631860604419
55179,37.0212368412424
52052,36.9372338442502
24107,36.9450401130142
26736,37.0533296019339
33025,37.0816875418451
43247,37.1371613833659
48718,37.0781935836325
31012,37.032676362234
59469,36.9835142807733
43397,37.1806414297933
38922,32.2103433112529
46171,36.9677914688168
40379,36.9487226985388
47070,37.0212194294906
50328,36.9085828065156
50894,36.9341374543725
21990,32.1588480550389
55477,36.9652580589168
43368,36.9546368902641
43381,37.0504421530789
30124,36.9171232708176
38031,37.0013874440881
47752,36.8959244628918
20281,36.9838015746794
30683,36.9897767075363
36860,37.168160105647
34803,36.9980617994772
31183,37.0437038050976
38307,37.002461168788
44174,36.9670833909066
51010,37.0378853780077
43710,37.0090776345061
57952,37.2697199524614
46674,37.0458135290349
23603,37.0095245361379
36453,37.0479261549308
40036,37.0390722790949
52391,36.9561255950506
34919,36.9966485456154
26029,36.859708018961
42657,37.1551767426545
52713,32.0918853592295
44508,36.8852887844458
26248,37.0573778342483
55073,32.3789209910911
31247,37.011405005342
35921,36.8841454127383
46672,37.1585197990174
53599,36.9211511894214
27761,37.1141865767473
43306,37.0180562945639
54319,37.0166053152398
34292,37.0973958440083
26394,36.9470801899439
47634,36.9982243091615
28917,37.0585792451287
37740,37.0509935252221
39190,37.0912552995085
34571,36.8936986606085
41180,36.9655163332365
41759,37.1869764055225
28678,36.9198482099883
21236,32.203692022031
42768,36.9641582165891
44587,32.1522460991141
21346,37.0559007372963
55421,36.9765234623895
42310,37.0063294796661
23438,36.9998348962113
29034,32.1616339353413
58552,37.0309845203421
24558,37.0891920069096
43055,37.1620108552712
49252,32.2860670202216
23722,37.0301168347062
56798,37.0393653769183
21721,36.9478956403241
54410,36.9723562497706
32618,32.2007726516309
57564,37.0158798255777
41194,37.0946070617473
32241,36.9642075498861
24650,37.0189791174141
25204,36.9146595079252
47614,37.1229011585682
38705,36.9733777392148
57956,36.995249801547
46941,36.9539665378163
21526,37.0337674986858
32959,36.9907778832699
46057,36.9324804359843
32808,36.97486934596
34983,37.0221451542994
46596,37.0098060261268
24340,37.053907091705
26267,36.9976207017626
35338,37.0894793008158
58925,36.9853047892593
27534,36.9834562416003
56916,37.0639304568762
41447,36.9743934247417
45274,37.1002339595663
34834,36.951221284935
47535,37.0600969695018
46304,32.3314072221425
55018,37.0026875215625
33430,37.1407365964206
31817,36.985563063579
54615,36.9261222445859
25607,37.104453407441
42001,32.2183324034117
55346,37.0903585942862
28884,36.9872316898017
42014,36.9118765295814
26076,37.0736694300998
35050,36.9113773926939
